<?xml version="1.0"?>
<opencv_storage>
<camMatrix1 type_id="opencv-matrix">
  <rows>3</rows>
  <cols>3</cols>
  <dt>d</dt>
  <data>
    1.0963386870625295e+03 0. 3.2243788169343611e+02 0.
    1.0952758826758286e+03 2.2845119190724509e+02 0. 0. 1.</data></camMatrix1>
<camMatrix2 type_id="opencv-matrix">
  <rows>3</rows>
  <cols>3</cols>
  <dt>d</dt>
  <data>
    1.0963386870625295e+03 0. 3.2875726717607773e+02 0.
    1.0952758826758286e+03 2.4063959679722262e+02 0. 0. 1.</data></camMatrix2>
<distCoeffs1 type_id="opencv-matrix">
  <rows>1</rows>
  <cols>5</cols>
  <dt>d</dt>
  <data>
    -3.0014515983062334e-01 3.8616017834627643e+00
    -1.0325948352462632e-02 3.0705074227067087e-03
    -1.9250972517687359e+01</data></distCoeffs1>
<distCoeffs2 type_id="opencv-matrix">
  <rows>1</rows>
  <cols>5</cols>
  <dt>d</dt>
  <data>
    -1.0340935520082104e+00 5.9853082936907454e+00
    -2.1748097884892743e-02 -2.1474094564523788e-03
    -5.9744719880767843e+00</data></distCoeffs2>
<rotation type_id="opencv-matrix">
  <rows>3</rows>
  <cols>3</cols>
  <dt>d</dt>
  <data>
    9.9956847094780388e-01 -7.0124606908322160e-03
    -2.8525379614108563e-02 6.9982856274247753e-03
    9.9997533364937319e-01 -5.9673369425258891e-04
    2.8528860568667078e-02 3.9684743215685493e-04 9.9959289044428945e-01</data></rotation>
<translation type_id="opencv-matrix">
  <rows>3</rows>
  <cols>1</cols>
  <dt>d</dt>
  <data>
    -5.9393184115383786e+00 -8.3602280562545939e-01
    -1.4484191430704987e+00</data></translation>
<essential type_id="opencv-matrix">
  <rows>3</rows>
  <cols>3</cols>
  <dt>d</dt>
  <data>
    -1.3714327182477412e-02 1.4480516423524241e+00
    -8.3654677325856797e-01 -1.2783521212948112e+00
    1.2513985565011690e-02 5.9782171641550610e+00 7.9409699082036511e-01
    -5.9450344872890426e+00 -2.0303676479458608e-02</data></essential>
<fundamental type_id="opencv-matrix">
  <rows>3</rows>
  <cols>3</cols>
  <dt>d</dt>
  <data>
    1.6508992095975432e-07 -1.7448227637200417e-05
    1.4973140883082433e-02 1.5403441535147516e-05
    -1.5093297501503585e-07 -8.3906092112097652e-02
    -1.4241026327181969e-02 8.4308119518896843e-02 1.</data></fundamental>
</opencv_storage>
