<?xml version="1.0"?>
<opencv_storage>
<camMatrix1 type_id="opencv-matrix">
  <rows>3</rows>
  <cols>3</cols>
  <dt>d</dt>
  <data>
    5.3236470236227001e+02 0. 3.3521917641721899e+02 0.
    5.3234649612096655e+02 2.4113780466256102e+02 0. 0. 1.</data></camMatrix1>
<camMatrix2 type_id="opencv-matrix">
  <rows>3</rows>
  <cols>3</cols>
  <dt>d</dt>
  <data>
    5.3236470236227001e+02 0. 3.3448425093245680e+02 0.
    5.3234649612096655e+02 2.4197234569068686e+02 0. 0. 1.</data></camMatrix2>
<distCoeffs1 type_id="opencv-matrix">
  <rows>1</rows>
  <cols>5</cols>
  <dt>d</dt>
  <data>
    -2.8401934415755636e-01 4.2884236035894335e-02
    1.6539113654932037e-03 -7.9514236483524685e-04
    1.2098146842779503e-01</data></distCoeffs1>
<distCoeffs2 type_id="opencv-matrix">
  <rows>1</rows>
  <cols>5</cols>
  <dt>d</dt>
  <data>
    -2.9548950088987946e-01 1.3253907248971036e-01
    -6.5056874774755671e-04 -7.3281523906068471e-04
    -4.5364426755060409e-02</data></distCoeffs2>
<rotation type_id="opencv-matrix">
  <rows>3</rows>
  <cols>3</cols>
  <dt>d</dt>
  <data>
    9.9972060471393698e-01 4.9879774037794389e-03
    -2.3104817502410741e-02 -4.5315273245529622e-03
    9.9979436356653062e-01 1.9766027438583921e-02 2.3198658808369719e-02
    -1.9655804791852412e-02 9.9953762889021713e-01</data></rotation>
<translation type_id="opencv-matrix">
  <rows>3</rows>
  <cols>1</cols>
  <dt>d</dt>
  <data>
    -3.3262735715943954e+00 4.3268863398628662e-02
    -1.1378083658441802e-01</data></translation>
<essential type_id="opencv-matrix">
  <rows>3</rows>
  <cols>3</cols>
  <dt>d</dt>
  <data>
    4.8817862901795732e-04 1.1290695476645687e-01 4.5497852264152636e-02
    -3.6583961064316300e-02 -6.5948120249423356e-02
    3.3273644842562105e+00 -2.8183674703543403e-02
    -3.3258053926733089e+00 -6.4747495492009310e-02</data></essential>
<fundamental type_id="opencv-matrix">
  <rows>3</rows>
  <cols>3</cols>
  <dt>d</dt>
  <data>
    -2.3521203052346058e-08 -5.4402181422312196e-06
    1.5269998442909321e-04 1.7627322347719684e-06 3.1777000005977932e-06
    -8.6707504074213210e-02 3.0425068681326874e-04
    8.6361098280497969e-02 1.</data></fundamental>
</opencv_storage>
