<?xml version="1.0"?>
<opencv_storage>
<camMatrix1 type_id="opencv-matrix">
  <rows>3</rows>
  <cols>3</cols>
  <dt>d</dt>
  <data>
    5.3237190490579917e+02 0. 3.3521896908145845e+02 0.
    5.3235397398031114e+02 2.4113781431151298e+02 0. 0. 1.</data></camMatrix1>
<camMatrix2 type_id="opencv-matrix">
  <rows>3</rows>
  <cols>3</cols>
  <dt>d</dt>
  <data>
    5.3237190490579917e+02 0. 3.3448431592640912e+02 0.
    5.3235397398031114e+02 2.4197207630598621e+02 0. 0. 1.</data></camMatrix2>
<distCoeffs1 type_id="opencv-matrix">
  <rows>1</rows>
  <cols>5</cols>
  <dt>d</dt>
  <data>
    -2.8403346648582967e-01 4.3000241237415499e-02
    1.6541649519877433e-03 -7.9480472919613574e-04
    1.2074916380580969e-01</data></distCoeffs1>
<distCoeffs2 type_id="opencv-matrix">
  <rows>1</rows>
  <cols>5</cols>
  <dt>d</dt>
  <data>
    -2.9549307505449579e-01 1.3254614042366000e-01
    -6.5080143804227780e-04 -7.3141494917734805e-04
    -4.5362029954355579e-02</data></distCoeffs2>
<rotation type_id="opencv-matrix">
  <rows>3</rows>
  <cols>3</cols>
  <dt>d</dt>
  <data>
    9.9972061154387581e-01 4.9880074921039245e-03
    -2.3104515480696718e-02 -4.5315577569704658e-03
    9.9979435866022648e-01 1.9766268628187617e-02 2.3198358533186782e-02
    -1.9656046714564661e-02 9.9953763110196137e-01</data></rotation>
<translation type_id="opencv-matrix">
  <rows>3</rows>
  <cols>1</cols>
  <dt>d</dt>
  <data>
    -3.3262796653221431e+00 4.3270214697228609e-02
    -1.1379715581840158e-01</data></translation>
<essential type_id="opencv-matrix">
  <rows>3</rows>
  <cols>3</cols>
  <dt>d</dt>
  <data>
    4.8811957018422283e-04 1.1292323305737870e-01 4.5499553046771404e-02
    -3.6601133948934550e-02 -6.5949129553080854e-02
    3.3273709252069854e+00 -2.8184897079504508e-02
    -3.3258114768703999e+00 -6.4748400051910293e-02</data></essential>
<fundamental type_id="opencv-matrix">
  <rows>3</rows>
  <cols>3</cols>
  <dt>d</dt>
  <data>
    -2.3517685098465381e-08 -5.4408441036018627e-06
    1.5282374856850916e-04 1.7635083449126426e-06 3.1776544897906270e-06
    -8.6706588436862200e-02 3.0408265475918308e-04
    8.6360146853807745e-02 9.9999999999999989e-01</data></fundamental>
</opencv_storage>
