<?xml version="1.0"?>
<opencv_storage>
<camMatrix1 type_id="opencv-matrix">
  <rows>3</rows>
  <cols>3</cols>
  <dt>d</dt>
  <data>
    1.0964893906486589e+03 0. 3.2242707726161404e+02 0.
    1.0953731676315440e+03 2.2846886986841432e+02 0. 0. 1.</data></camMatrix1>
<camMatrix2 type_id="opencv-matrix">
  <rows>3</rows>
  <cols>3</cols>
  <dt>d</dt>
  <data>
    1.0964893906486589e+03 0. 3.2866777318215208e+02 0.
    1.0953731676315440e+03 2.4061471999794011e+02 0. 0. 1.</data></camMatrix2>
<distCoeffs1 type_id="opencv-matrix">
  <rows>1</rows>
  <cols>5</cols>
  <dt>d</dt>
  <data>
    -3.0256507861473553e-01 3.8432681998238283e+00
    -1.0377667082472420e-02 3.0759342880467147e-03
    -1.8710522455893162e+01</data></distCoeffs1>
<distCoeffs2 type_id="opencv-matrix">
  <rows>1</rows>
  <cols>5</cols>
  <dt>d</dt>
  <data>
    -1.0323328507293545e+00 6.0084563544074001e+00
    -2.1510363020741070e-02 -2.3387065901810588e-03
    -5.6741893632687699e+00</data></distCoeffs2>
<rotation type_id="opencv-matrix">
  <rows>3</rows>
  <cols>3</cols>
  <dt>d</dt>
  <data>
    9.9956800399204393e-01 -7.0374358112999811e-03
    -2.8535589928422551e-02 7.0221091651270834e-03
    9.9997514161802048e-01 -6.3728242793389608e-04
    2.8539365414008356e-02 4.3662709690042175e-04 9.9959257399129575e-01</data></rotation>
<translation type_id="opencv-matrix">
  <rows>3</rows>
  <cols>1</cols>
  <dt>d</dt>
  <data>
    -5.9370180222181785e+00 -8.3173780356123683e-01
    -1.4477137129220363e+00</data></translation>
<essential type_id="opencv-matrix">
  <rows>3</rows>
  <cols>3</cols>
  <dt>d</dt>
  <data>
    -1.3571265372488846e-02 1.4473145658390123e+00
    -8.3232153445756762e-01 -1.2776495795717528e+00
    1.2780455271114205e-02 5.9759104915074781e+00 7.8968810748308926e-01
    -5.9427237389607566e+00 -1.9950571630503827e-02</data></essential>
<fundamental type_id="opencv-matrix">
  <rows>3</rows>
  <cols>3</cols>
  <dt>d</dt>
  <data>
    1.6475255157432974e-07 -1.7588025037848946e-05
    1.5044369229323246e-02 1.5526225829198698e-05
    -1.5546864116947689e-07 -8.4597978748253477e-02
    -1.4301660236206193e-02 8.5003243266689579e-02 1.</data></fundamental>
</opencv_storage>
