<?xml version="1.0"?>
<opencv_storage>
<cameraMatrix type_id="opencv-matrix">
  <rows>3</rows>
  <cols>3</cols>
  <dt>d</dt>
  <data>
    6.3997349254233325e+02 0. 3.8750821879286264e+02 0.
    6.5565531436001049e+02 2.9287635097293497e+02 0. 0. 1.</data></cameraMatrix>
<distCoeffs type_id="opencv-matrix">
  <rows>1</rows>
  <cols>5</cols>
  <dt>d</dt>
  <data>
    -5.9609975855199182e-01 1.7310909618363219e+00
    -2.2666327347113375e-03 -2.9099499050105306e-02
    -2.3515368816808078e+00</data></distCoeffs>
</opencv_storage>
